4
51 35 14 02 10 1000 10
49 30 14 02 10 1000 10
47 32 13 02 10 1000 10
46 31 15 02 10 1000 10
50 36 14 02 10 1000 10
54 39 17 04 10 1000 10
46 34 14 03 10 1000 10
50 34 15 02 10 1000 10
44 29 14 02 10 1000 10
49 31 15 01 10 1000 10
54 37 15 02 10 1000 10
48 34 16 02 10 1000 10
48 30 14 01 10 1000 10
43 30 11 01 10 1000 10
58 40 12 02 10 1000 10
57 44 15 04 10 1000 10
54 39 13 04 10 1000 10
51 35 14 03 10 1000 10
57 38 17 03 10 1000 10
51 38 15 03 10 1000 10
54 34 17 02 10 1000 10
51 37 15 04 10 1000 10
46 36 10 02 10 1000 10
51 33 17 05 10 1000 10
48 34 19 02 10 1000 10
50 30 16 02 10 1000 10
50 34 16 04 10 1000 10
52 35 15 02 10 1000 10
52 34 14 02 10 1000 10
47 32 16 02 10 1000 10
48 31 16 02 10 1000 10
54 34 15 04 10 1000 10
52 41 15 01 10 1000 10
55 42 14 02 10 1000 10
49 31 15 01 10 1000 10
50 32 12 02 10 1000 10
55 35 13 02 10 1000 10
49 31 15 01 10 1000 10
44 30 13 02 10 1000 10
51 34 15 02 10 1000 10
50 35 13 03 10 1000 10
45 23 13 03 10 1000 10
44 32 13 02 10 1000 10
50 35 16 06 10 1000 10
51 38 19 04 10 1000 10
48 30 14 03 10 1000 10
51 38 16 02 10 1000 10
46 32 14 02 10 1000 10
53 37 15 02 10 1000 10
50 33 14 02 10 1000 10
70 32 47 14 1000 10 10
64 32 45 15 1000 10 10
69 31 49 15 1000 10 10
55 23 40 13 1000 10 10
65 28 46 15 1000 10 10
57 28 45 13 1000 10 10
63 33 47 16 1000 10 10
49 24 33 10 1000 10 10
66 29 46 13 1000 10 10
52 27 39 14 1000 10 10
50 20 35 10 1000 10 10
59 30 42 15 1000 10 10
60 22 40 10 1000 10 10
61 29 47 14 1000 10 10
56 29 36 13 1000 10 10
67 31 44 14 1000 10 10
56 30 45 15 1000 10 10
58 27 41 10 1000 10 10
62 22 45 15 1000 10 10
56 25 39 11 1000 10 10
59 32 48 18 1000 10 10
61 28 40 13 1000 10 10
63 25 49 15 1000 10 10
61 28 47 12 1000 10 10
64 29 43 13 1000 10 10
66 30 44 14 1000 10 10
68 28 48 14 1000 10 10
67 30 50 17 1000 10 10
60 29 45 15 1000 10 10
57 26 35 10 1000 10 10
55 24 38 11 1000 10 10
55 24 37 10 1000 10 10
58 27 39 12 1000 10 10
60 27 51 16 1000 10 10
54 30 45 15 1000 10 10
60 34 45 16 1000 10 10
67 31 47 15 1000 10 10
63 23 44 13 1000 10 10
56 30 41 13 1000 10 10
55 25 40 13 1000 10 10
55 26 44 12 1000 10 10
61 30 46 14 1000 10 10
58 26 40 12 1000 10 10
50 23 33 10 1000 10 10
56 27 42 13 1000 10 10
57 30 42 12 1000 10 10
57 29 42 13 1000 10 10
62 29 43 13 1000 10 10
51 25 30 11 1000 10 10
57 28 41 13 1000 10 10
63 33 60 25 10 10 1000
58 27 51 19 10 10 1000
71 30 59 21 10 10 1000
63 29 56 18 10 10 1000
65 30 58 22 10 10 1000
76 30 66 21 10 10 1000
49 25 45 17 10 10 1000
73 29 63 18 10 10 1000
67 25 58 18 10 10 1000
72 36 61 25 10 10 1000
65 32 51 20 10 10 1000
64 27 53 19 10 10 1000
68 30 55 21 10 10 1000
57 25 50 20 10 10 1000
58 28 51 24 10 10 1000
64 32 53 23 10 10 1000
65 30 55 18 10 10 1000
77 38 67 22 10 10 1000
77 26 69 23 10 10 1000
60 22 50 15 10 10 1000
69 32 57 23 10 10 1000
56 28 49 20 10 10 1000
77 28 67 20 10 10 1000
63 27 49 18 10 10 1000
67 33 57 21 10 10 1000
72 32 60 18 10 10 1000
62 28 48 18 10 10 1000
61 30 49 18 10 10 1000
64 28 56 21 10 10 1000
72 30 58 16 10 10 1000
74 28 61 19 10 10 1000
79 38 64 20 10 10 1000
64 28 56 22 10 10 1000
63 28 51 15 10 10 1000
61 26 56 14 10 10 1000
77 30 61 23 10 10 1000
63 34 56 24 10 10 1000
64 31 55 18 10 10 1000
60 30 48 18 10 10 1000
69 31 54 21 10 10 1000
67 31 56 24 10 10 1000
69 31 51 23 10 10 1000
58 27 51 19 10 10 1000
68 32 59 23 10 10 1000
67 33 57 25 10 10 1000
67 30 52 23 10 10 1000
63 25 50 19 10 10 1000
65 30 52 20 10 10 1000
62 34 54 23 10 10 1000
59 30 51 18 10 10 1000